0,273
0,270
51,35
3,1
3,3
10,204
10,196
10,112
10,174
10,6
10,154
10,150
9,7
9,6
9,1
9,4
8,12
8,11
8,9
8,17
39,4
39,3
39,1
38,4
38,3
38,1
37,4
37,3
37,1
35,4
35,3
35,1
34,4
34,3
34,1
32,4
32,3
32,1
31,3
31,1
20,3
20,2
20,1
19,3
19,2
19,1
12,3
12,2
12,1
11,27
11,26
11,25
11,24
11,23
11,22
11,21
11,20
11,19
11,18
11,17
11,16
11,15
11,14
11,13
11,12
11,11
11,10
11,9
11,8
11,7
11,6
11,5
11,4
11,3
11,2
11,1
10,301
10,300
10,299
10,298
10,297
10,296
10,295
10,294
10,293
10,292
10,291
10,290
10,289
10,288
10,287
10,284
10,275
10,232
10,224
10,182
10,176
10,122
10,118
